Entity,Confidence,No confidence,Don't know
Donald Trump,22,74,nan
Vladimir Putin,27,59,nan
Xi Jinping,28,53,20.0
Angela Merkel,42,31,18.0
