Characteristic,Necessary*,Not necessary**,Neutral
2020,52.3%,25%,22.6%
2019,53%,20.5%,26.5%
2018,59.7%,16.1%,24.1%
2017,53.8%,22.1%,24.1%
2016,53.3%,24.6%,22%
2015,51%,24.8%,24.8%
2014,55.9%,21.6%,22.5%
2013,54.8%,23.7%,21.5%
2012,57%,21.4%,21.6%
2011,53.7%,21.3%,25%
2010,59%,20.4%,20.6%
2009,55.9%,20.5%,23.6%
2008,51.5%,25.4%,23.1%
2007,63.8%,15.1%,21.1%
