Characteristic,Very concerned,Little or no concern
March 6,21%,57%
March 13,30%,52%
March 16,52%,17%
March 20,60%,23%
March 27,68%,18%
