Characteristic,Private equity respondents,Technology corporates respondents
London,15%,14%
Berlin,11%,9%
Amsterdam,9%,7%
Munich,3%,12%
Stockholm,7%,2%
Dublin,3%,4%
Paris,1%,1%
Copenhagen,1%,0%
Vienna,1%,0%
