Characteristic,Facebook fans,Twitter followers
February 2021,0.94,1.1
August 2020,0.9,1.0
February 2020,0.9,1.05
August 2019,0.85,0.95
February 2019,0.85,0.95
August 2018,0.85,0.95
February 2018,0.85,0.93
August 2017,0.85,0.76
February 2017,0.85,0.68
August 2016,0.82,0.56
February 2016,0.8,0.49
August 2015,0.74,0.39
February 2015,0.74,0.33
August 2014,0.63,0.24
February 2014,0.51,0.21
August 2013,0.44,0.17
February 2013,0.43,0.13
August 2012,0.41,0.11
