Characteristic,Stacked,Herbicide resistant,Insect resistant,Non-biotech
2019,80%,9%,3%,8%
2018,80%,10%,2%,8%
2017,77%,12%,3%,8%
2016,76%,13%,3%,8%
2015,77%,12%,4%,8%
2014,76%,13%,4%,7%
2013,71%,14%,5%,10%
2012,52%,21%,15%,12%
2011,49%,23%,16%,12%
2010,47%,23%,16%,14%
2009,46%,22%,17%,15%
2008,40%,23%,17%,20%
2007,28%,24%,21%,27%
2006,15%,21%,25%,39%
