Characteristic,Thriving,Suffering
2011,16%,25%
2010,21%,19%
2009,31%,11%
2007,44%,7%
