Characteristic,Good role model,Neither good nor bad role model,Don't know,Bad role model
Moana,72%,14%,13%,2%
Mulan,68%,15%,16%,2%
Merida,66%,15%,17%,2%
Tiana,60%,20%,17%,3%
Belle,58%,20%,17%,5%
Rapunzel,57%,24%,15%,4%
Pocahontas,57%,21%,19%,2%
Anna,49%,25%,20%,5%
Elsa,46%,26%,20%,7%
Jasmine,44%,25%,27%,4%
Cinderella,44%,28%,17%,11%
Snow White,44%,27%,19%,10%
Ariel,41%,30%,17%,12%
Aurora,34%,31%,26%,9%
