Characteristic,Extreme poverty (subsistence minimum),Relative poverty,"""Legal"" poverty"
2020,5.2%,11.8%,9.1%
2019,4.2%,13%,9%
2018,5.4%,14.2%,10.9%
2017,4.3%,13.4%,10.7%
2016,4.9%,13.9%,12.7%
2015,6.5%,15.5%,12.2%
2014,7.4%,16.2%,12.2%
2013,7.4%,16.2%,12.8%
2012,6.8%,16.3%,7.2%
2011,6.8%,16.9%,6.6%
2010,5.8%,17.4%,7.4%
2009,5.7%,17.3%,8.3%
2008,5.6%,17.6%,10.6%
