Characteristic,Good/Very good,Fair (Neither good nor bad),Bad/Very bad
2018,73.3%,19.9%,6.6%
2017,77%,17.2%,5.8%
2016,70.9%,21.4%,7.7%
2015,65.6%,22%,12.4%
2014,67.9%,20%,12%
2013,66.2%,21.2%,12.5%
2012,68%,19.4%,12.6%
2011,64.5%,22.4%,13.1%
2010,66.4%,24%,9.5%
2009,63.5%,25.5%,10.9%
2008,63.4%,25.5%,11.2%
2007,63.4%,25.5%,11%
2006,56.8%,32.6%,10.6%
2005,58.1%,32%,9.9%
