Characteristic,Share of audience (SHR) tuned to a specific channel
TVP1,13.68%
Polsat,7.33%
TVP2,7.18%
TVN,6.65%
TVN24,4.32%
TVP Info,3.66%
TVP Sport,3.62%
TVN7,3.46%
TV Puls,3.08%
TV4,2.85%
