Characteristic,Active customers in millions
Q4 '20,6.8
Q3 '20,6.7
Q2 '20,6.8
Q1 '20,6.4
Q4 '19,6.1
Q3 '19,5.5
Q2 '19,4.8
Q1 '19,4.3
Q4 '18,4.0
Q3 '18,3.5
Q2 '18,3.2
Q1 '18,3.0
Q4 '17,2.7
