Characteristic,"Number of doctors per 10,000 population"
2019,25
2018,24
2017,24
2016,23
2015,23
2014,21
2013,20
2012,19
2011,19
2010,18
2005,16
2000,14
1995,13
1990,12
1985,10
1980,8
1975,7
1970,7
1965,5
1960,4
