Characteristic,Inflation rate compared to previous year
Netherlands,1.9%
Germany,1.6%
Austria,1.4%
Italy,1%
Euro area,0.9%
Finland,0.9%
Slovakia,0.9%
France,0.8%
Estonia,0.5%
Lithuania,0.4%
Belgium,0.3%
Portugal,0.3%
Malta,0.1%
Spain,-0.1%
Latvia,-0.2%
Ireland,-0.4%
Luxembourg,-0.5%
Cyprus,-0.9%
Slovenia,-1.1%
Greece,-1.9%
