Characteristic,Number of residents
2010,1061717
2011,1064030
2012,1067563
2013,1072882
2014,1076087
2015,1079752
2016,1082877
2017,1085615
2018,1087967
2019,1090435
