Characteristic,Market share
Low and no calorie,89.3%
Regular,6.1%
Mid calorie,4.5%
