Characteristic,Market value in million euros
Christian Eriksen,68.0
Yussuf Poulsen,24.0
Andreas Christensen,24.0
Thomas Delaney,17.5
Joachim Andersen,16.0
Kasper Dolberg,16.0
Pierre-Emile Højbjerg,12.0
Daniel Wass,11.0
Robert Skov,10.5
Kasper Schmeichel,9.5
