Characteristic,Brand value in million U.S. dollars
L'Oréal Paris (L'Oréal),11747
Nivea (Beiersdorf),7391
Chanel (Chanel),5884
Garnier (L'Oréal),4664
Dove (Unilever),4977
